-45.684742 34.508396 -37.071545 
-44.841343 70.064095 61.282490 
-64.901108 94.237549 82.843430 
-69.235939 56.361637 59.620354 
-151.955307 37.736496 23.650005 
-129.564392 140.003891 60.744442 
-108.416412 157.780975 -64.131165 
-46.059448 166.507339 -60.832249 
-44.072594 122.180046 -72.275955 
12.139996 95.409866 24.700541 
17.802711 142.577805 27.004709 
-41.218281 212.781387 48.419662 
-43.611725 167.971008 63.427673 
-11.975311 144.984543 60.592197 
-8.601789 216.275528 -2.550116 
-35.169872 215.981720 -39.332478 
-59.840885 191.197266 61.345516 
-91.757301 281.153961 33.231071 
-64.191742 278.772827 -16.647928 
-152.123123 279.933716 -36.794117 
-194.340378 298.445770 -4.742054 
-233.771194 267.110657 -4.673004 
-201.299973 260.461121 39.109272 
-200.975311 259.602570 -36.961273 
-205.035431 214.788300 -44.954956 
-206.374115 216.292419 49.640869 
-231.024002 168.192047 -20.807297 
-245.193939 212.642899 -11.875647 
-227.235306 175.400055 25.148424 
-141.179260 163.507248 -65.114227 
-129.526321 113.217758 -51.620743 
-119.480721 226.669601 63.326077 
-170.905930 127.580933 36.295315 
-166.157349 98.310127 -7.055732 
-154.324677 117.864815 -37.368149 
-139.519608 79.203362 -31.022186 
-70.056335 57.292904 -58.736046 
-137.585052 35.308464 -41.979561 
-149.031082 78.416313 7.883343 
-130.092743 63.735973 36.129688 
-10.979808 9.452399 -1.790268 
-135.922211 -15.090265 32.563026 
-119.905006 -11.825324 -34.860931 
-35.920319 22.131933 35.857960 
-156.163818 -20.809380 0.000000 
-105.898773 -21.465549 49.318626 
-24.191389 -68.690811 35.573402 
-24.191391 -68.690811 -35.573402 
-70.950005 -139.747375 -12.767417 
-70.950005 -129.664719 -61.471447 
-95.907921 -33.995502 -54.823246 
-98.083435 -76.351433 52.818775 
-177.573639 187.784286 61.351799 
-165.132172 225.773666 63.187237 
-188.833847 129.961487 -36.609627 
-205.040024 126.931770 -9.436553 
-141.152588 213.113113 -60.318779 
-95.924294 213.895264 -62.531895 
-87.027618 145.194656 -68.650497 
-35.821270 -25.045742 -14.376677 
-142.633011 -61.262028 -56.718037 
-163.272247 -119.696571 -11.833642 
-70.950012 -104.461983 54.611423 
-32.683506 -139.747375 23.650002 
